%以下程序是验证CRP示教器上的数据和视觉捕捉系统的数据之间的误差
%设机械臂末端坐标系为C 机械臂基坐标系为A  视觉捕捉系统基坐标系为B
%第一个坐标点取为机械臂的零位点
%工具坐标系1下进行
%末端位置C与基坐标系A之间的变换关系为  
Tca1 = [1  0  0  718.084;
     0  1 0  0.054;
     0  0  1  284.846;
     0  0  0    1];
 %视觉捕捉零位坐标系B到机械臂基坐标系A之间的关系 有2-3mm的误差 
Tba = [1  0  0 472.276;
     0  1  0  647.683;
     0  0  1  -182.669;
     0  0  0     1];
 %末端位置在视觉捕捉系统下的坐标位置
Tcb1 = [1 0 0 257.8449;
         0 1 0 -639.221;
         0 0 1 466.4638;
         0 0 0  1];
%之间的位置误差
error1 = Tca1 -  Tcb1*Tba;

%在机械臂的四周取点来测量误差  第二个点
%末端位置C与基坐标系A之间的变换关系为  工具坐标系1
Tca2 = [1  0  0  547.148;
     0  1 0  513.575;
     0  0  1  231.921;
     0  0  0    1];
 %视觉捕捉零位坐标系B到机械臂基坐标系A之间的关系 有2-3mm的误差 
Tba = [1  0  0 472.276;
     0  1  0  647.683;
     0  0  1  -182.669;
     0  0  0     1];
 %末端位置在视觉捕捉系统下的坐标位置
Tcb2 = [1 0 0 82.68275;
         0 1 0 -127.156;
         0 0 1 409.5226;
         0 0 0  1];
error2 = Tca2 -  Tcb2*Tba;

%在机械臂的四周取点来测量误差  第三个点
%末端位置C与基坐标系A之间的变换关系为  工具坐标系1
Tca3 = [1  0  0  -733.727;
     0  1 0  513.624;
     0  0  1  231.936;
     0  0  0    1];
 %视觉捕捉零位坐标系B到机械臂基坐标系A之间的关系 有2-3mm的误差 
Tba = [1  0  0 472.276;
     0  1  0  647.683;
     0  0  1  -182.669;
     0  0  0     1];
 %末端位置在视觉捕捉系统下的坐标位置
Tcb3 = [1 0 0 -1199.49;
         0 1 0 -131.278;
         0 0 1 420.748;
         0 0 0  1];
error3 = Tca3 -  Tcb3*Tba;

%在机械臂的四周取点来测量误差  第四个点
%末端位置C与基坐标系A之间的变换关系为  工具坐标系1
Tca4 = [1  0  0  -263.142;
     0  1 0  -856.093;
     0  0  1  231.908;
     0  0  0    1];
 %视觉捕捉零位坐标系B到机械臂基坐标系A之间的关系 有2-3mm的误差 
Tba = [1  0  0 472.276;
     0  1  0  647.683;
     0  0  1  -182.669;
     0  0  0     1];
 %末端位置在视觉捕捉系统下的坐标位置
Tcb4 = [1 0 0 -723.009;
         0 1 0 -1500.92;
         0 0 1 429.8514;
         0 0 0  1];
error4 = Tca4 -  Tcb4*Tba;

%在机械臂的四周取点来测量误差  第五个点
%末端位置C与基坐标系A之间的变换关系为  工具坐标系1
Tca5 = [1  0  0  703.217;
     0  1 0  -554.638;
     0  0  1  231.902;
     0  0  0    1];
 %视觉捕捉零位坐标系B到机械臂基坐标系A之间的关系 有2-3mm的误差 
Tba = [1  0  0 472.276;
     0  1  0  647.683;
     0  0  1  -182.669;
     0  0  0     1];
 %末端位置在视觉捕捉系统下的坐标位置
Tcb5 = [1 0 0 241.9256;
         0 1 0 -1197.72;
         0 0 1 419.9679;
         0 0 0  1];
error5 = Tca5 -  Tcb5*Tba;

%在机械臂的四周取点来测量误差  第六个点
%末端位置C与基坐标系A之间的变换关系为  工具坐标系1
Tca6 = [1  0  0  584.733;
     0  1 0  -465.083;
     0  0  1  410.371;
     0  0  0    1];
 %视觉捕捉零位坐标系B到机械臂基坐标系A之间的关系 有2-3mm的误差 
Tba = [1  0  0 472.276;
     0  1  0  647.683;
     0  0  1  -182.669;
     0  0  0     1];
 %末端位置在视觉捕捉系统下的坐标位置
Tcb6 = [1 0 0 128.8203;
         0 1 0 -1108.16;
         0 0 1 598.6366;
         0 0 0  1];
error6 = Tca6 -  Tcb6*Tba

%在机械臂的四周取点来测量误差  第七个点
%末端位置C与基坐标系A之间的变换关系为  
Tca7 = [1  0  0  737.382;
     0  1 0  -120.394;
     0  0  1  410.371;
     0  0  0    1];
 %视觉捕捉零位坐标系B到机械臂基坐标系A之间的关系 有2-3mm的误差 
Tba = [1  0  0 472.276;
     0  1  0  647.683;
     0  0  1  -182.669;
     0  0  0     1];
 %末端位置在视觉捕捉系统下的坐标位置
Tcb7 = [1 0 0 280.8731;
         0 1 0 -758.937;
         0 0 1 593.8865;
         0 0 0  1];
error7 = Tca7 -  Tcb7*Tba

%在机械臂的四周取点来测量误差  第八个点
%末端位置C与基坐标系A之间的变换关系为  
Tca8 = [1  0  0  486.152;
     0  1 0  484.298;
     0  0  1  249.894;
     0  0  0    1];
 %视觉捕捉零位坐标系B到机械臂基坐标系A之间的关系 有2-3mm的误差 
Tba = [1  0  0 472.276;
     0  1  0  647.683;
     0  0  1  -182.669;
     0  0  0     1];
 %末端位置在视觉捕捉系统下的坐标位置
Tcb8 = [1 0 0 20.98239;
         0 1 0 -156.596;
         0 0 1 429.6406;
         0 0 0  1];
error8 = Tca8 -  Tcb8*Tba

%在机械臂的四周取点来测量误差  第九个点
%末端位置C与基坐标系A之间的变换关系为  
Tca9 = [1  0  0  263.938;
     0  1 0  966.203;
     0  0  1  259.397;
     0  0  0    1];
 %视觉捕捉零位坐标系B到机械臂基坐标系A之间的关系 有2-3mm的误差 
Tba = [1  0  0 472.276;
     0  1  0  647.683;
     0  0  1  -182.669;
     0  0  0     1];
 %末端位置在视觉捕捉系统下的坐标位置
Tcb9 = [1 0 0 -198.46;
         0 1 0 324.0142;
         0 0 1 434.1836;
         0 0 0  1];
error9 = Tca9 -  Tcb9*Tba





 
 
 